SEARCH-20241007193910
Judith Casal
